 1.37972603e+00 1.36170585e+00
 8.61917808e-01 1.36843040e+00
 1.49041096e-01 9.77431760e-01
 1.31561644e+00 1.30129406e+00
 1.05972603e+00 1.50517167e+00
 1.17808219e-01 9.49918552e-01
 1.20520548e+00 1.34968732e+00
 7.36438356e-01 1.20938720e+00
 4.86301370e-01 1.08687828e+00
 8.46575342e-01 1.37536206e+00
 9.79726027e-01 1.36989425e+00
 8.96438356e-01 1.40223675e+00
 6.82739726e-01 1.27585071e+00
 4.61643836e-01 1.04677200e+00
 1.04931507e-01 1.06390524e+00
 9.09041096e-01 1.36869159e+00
 7.76712329e-01 1.30945182e+00
 6.91780822e-01 1.23424147e+00
 2.53150685e-01 9.01904520e-01
 1.27041096e+00 1.31736788e+00
 1.19205479e+00 1.22554647e+00
 1.38164384e+00 1.27254257e+00
 9.40547945e-01 1.59885185e+00
 5.47671233e-01 1.17705605e+00
 3.75068493e-01 1.07655791e+00
 8.87671233e-01 1.55482065e+00
 1.08219178e-01 9.61542088e-01
 5.72876712e-01 1.23957657e+00
 1.63013699e-01 9.46768519e-01
 1.15068493e-02 9.50881972e-01
 4.75616438e-01 1.15522228e+00
 3.81643836e-01 9.87776840e-01
 3.44109589e-01 9.01081526e-01
 5.13424658e-01 1.23822280e+00
 1.41315068e+00 1.28627358e+00
 1.40739726e+00 1.24814851e+00
 1.68493151e-01 9.13690725e-01
 1.44767123e+00 1.25633228e+00
 1.41643836e+00 1.29473325e+00
 1.43534247e+00 1.37768906e+00
 1.09808219e+00 1.44557632e+00
 1.35178082e+00 1.21441935e+00
 1.20931507e+00 1.34191962e+00
 4.59726027e-01 1.16189666e+00
 5.58082192e-01 1.24065743e+00
 1.00301370e+00 1.31026941e+00
 4.61369863e-01 1.13083396e+00
 5.35890411e-01 1.20985543e+00
 5.38904110e-01 1.19828920e+00
 5.53150685e-01 1.19055234e+00
