   2.6033357e-01   6.6010223e-01  -7.6427838e-01  -3.1277852e-01  -1.3302861e+00
   7.4030131e-01   1.0997428e-01   5.3590666e-01   7.9581722e-01  -2.7481435e-02
  -1.1351357e-01  -4.6068228e-01   9.5959944e-01   2.0231047e-01   8.2283129e-01
   1.5094483e-02   1.6862947e+00  -7.2397000e-01  -4.6283258e-01  -1.3718920e+00
   4.3075804e-01   3.7781450e-01  -1.2907325e+00  -5.3476830e-01  -4.3346709e-01
   6.7059117e-02   1.2375122e+00   1.3097419e+00   1.0469207e+00   1.4118343e+00
   2.6904488e-01  -1.2051733e+00   8.2741984e-02   3.0678859e+00   4.1122278e-01
   1.7110090e-01   9.6145486e-01  -1.9479770e-01   2.1995710e+00  -6.8949425e-01
   2.1064494e+00  -6.6136934e-01  -3.6590980e-02  -5.6307480e-01  -4.7311176e-01
   8.9960073e-01   7.0186135e-01  -6.8086307e-01  -8.2384739e-01   5.7937326e-02
  -1.7042076e+00   1.3787964e+00   1.1665753e+00  -3.9214249e-02  -7.4300135e-01
   2.0467731e-01   6.7222158e-01  -6.7201541e-01  -2.5798624e-02  -1.0704893e+00
  -9.3173945e-02  -5.0207740e-01  -7.2863807e-01   5.2858207e-01   1.0559699e+00
  -3.6891836e-01   1.1296582e+00   1.5584047e+00   5.6235241e-03   3.1638504e-01
  -3.2947422e-03  -5.8181488e-01  -1.4993975e-01   1.6624448e-01  -1.8303717e+00
  -4.9809699e-01  -8.4595112e-01   4.3791434e-01  -1.7539962e+00   1.6421506e+00
  -1.1974069e+00   6.6218873e-01  -1.3936867e-01   1.1232665e+00   5.4235570e-01
  -1.6743010e+00   8.3618623e-01  -1.1274817e+00   8.8795138e-01  -1.0139339e+00
   4.3773414e-01   4.8731514e-02   3.0673669e-01   1.2725824e+00   8.5035276e-02
  -5.3522578e-01   6.8435846e-01   1.0959083e+00   8.6469698e-01   1.1535477e+00
   6.8791747e-01   1.0686214e+00  -1.9386132e+00  -9.5778806e-02   2.1564722e+00
  -8.9085845e-03   1.6092577e+00   7.3617897e-01  -3.6537328e-01  -3.2884604e-01
  -3.0233203e-01   8.0579916e-01  -8.3486867e-01   1.6732396e-01   1.9835649e+00
  -1.9381722e+00   1.4866264e+00  -1.9318326e-01  -1.5734990e-01  -1.3684808e-02
   7.3359647e-01   4.7140148e-01   6.1234140e-01   2.0956861e-01  -8.1896388e-01
   2.5190923e-01   6.9870554e-01   1.7638367e-01   4.1059024e-01  -3.8318971e-01
   1.4429694e+00  -7.6020853e-01  -1.0803816e+00   2.6440963e-02  -3.7624370e-01
   1.5666970e+00  -1.7970575e+00   3.1810121e-01   9.0398407e-02   6.1431728e-01
  -1.3075607e-01  -3.8245458e-01  -9.2548145e-02   3.2441556e-01   5.7832554e-01
  -8.8865552e-01   3.4649476e-01   1.7303950e+00  -1.6290713e+00   8.5895071e-01
  -3.6501192e-01   4.8927578e-01   1.9000506e+00   3.0887240e-01  -1.5626367e+00
  -2.6133905e+00  -1.3832014e-03  -5.0048172e-01   6.7870633e-01   1.0778926e+00
   6.9150657e-01  -2.0524317e+00  -3.9699666e-01  -1.0754867e+00   4.9799005e-01
   2.6845791e+00  -1.1967860e-01   1.1339869e+00  -7.8789475e-01   8.3185379e-01
  -2.1554847e-02  -5.2933520e-01   5.9405146e-01   1.0074635e-01   1.2811975e+00
   9.5632479e-01  -1.4637868e+00   4.2420441e-01  -4.6812434e-01   1.4229740e+00
  -1.3372878e-01  -8.9029891e-01  -1.3748206e+00   4.7775027e-01   1.3811203e+00
  -7.4182740e-01   2.0807119e-02  -9.0095295e-01  -5.4651515e-01  -1.4957719e-02
   4.1486126e-01   1.2607760e+00   1.1019395e+00  -1.7964983e+00   2.0179328e+00
   8.0456303e-01   5.2799554e-01   1.5530597e+00  -3.5984592e-01   1.0279114e+00
   1.4660207e+00  -1.1520628e+00  -1.9229609e+00  -6.7365651e-02  -1.3673184e+00
  -5.3673155e-01   1.0837294e+00  -6.6413666e-01   5.9364204e-01   5.8528293e-01
   4.6677543e-01   7.7372212e-01   1.0327931e+00  -7.0316703e-01  -2.4573800e-01
  -1.2855077e+00  -2.2248885e+00   6.8912755e-01   4.7656273e-01  -6.3113474e-01
   2.9249623e-02   1.6827324e-01  -1.1377259e+00   1.5064679e+00  -8.0235231e-01
   1.3878189e+00   6.8951339e-01  -8.9119677e-01   3.6712453e-01   1.2446367e+00
  -3.9417993e-01   2.2202219e+00   6.6025438e-01   1.6564309e+00  -1.0444473e+00
   4.6163801e-01  -8.3442863e-01  -2.3975317e+00  -9.5832308e-01   1.6014923e+00
  -4.8573484e-02   1.5790033e-02   1.8656113e+00  -4.6261570e-01  -1.2100257e+00
   5.0714198e-01  -6.6371865e-01  -7.5764286e-01  -8.2670153e-01  -1.1305636e+00
   4.1379409e+00   9.7911041e-01   3.4105914e+00   5.5120398e+00  -2.3218659e-01
   5.2858907e+00   2.9402606e-01   4.1520611e+00   4.4353085e+00   1.4903299e+00
   4.9591046e+00   2.2532978e-02   4.4430842e+00   6.2244839e+00  -5.7996138e-01
   5.1336716e+00   4.6646655e-01   4.2500439e+00   4.5127992e+00   1.7822207e+00
   4.8087504e+00  -6.6548193e-01   4.3000962e+00   5.6716807e+00  -6.8479155e-01
   4.8472275e+00   1.0043792e+00   4.5876710e+00   5.0638454e+00   9.3556221e-01
   3.7402164e+00  -1.7589132e+00   7.3246146e+00   5.3308405e+00   2.1010001e+00
   2.0866946e+00   1.8521912e+00   4.3897357e+00   4.8795489e+00   2.3922266e+00
   5.4011073e+00  -1.1708454e-02   5.2337477e+00   6.5481980e+00   4.6590820e-03
   4.5403386e+00   2.9063977e-01   4.5809185e+00   3.7632093e+00  -3.9410043e-01
   5.9351396e+00   1.2347844e+00   5.0800096e+00   4.7917851e+00   7.4549262e-01
   6.0040597e+00   5.3148184e-01   4.7809973e+00   7.0719885e+00   7.4409522e-01
   6.4125030e+00   3.4226515e-01   5.6916534e+00   4.5271602e+00   9.3238499e-02
   6.1613275e+00   5.4828228e-01   3.4353874e+00   5.3036128e+00  -6.3600787e-01
   5.1502195e+00  -8.3952965e-01   3.8256054e+00   4.9663130e+00  -1.2814660e+00
   3.2208139e+00   2.4665777e+00   5.0730546e+00   5.4302230e+00   3.9117321e-01
   4.0402379e+00   3.3712391e-01   4.9233216e+00   4.4860844e+00  -3.1070929e-01
   4.8761820e+00   9.2918653e-01   5.1444083e+00   4.5215279e+00   8.0137241e-01
   5.5888853e+00  -1.5010792e+00   5.3505857e+00   5.1819490e+00   6.2394980e-01
   4.0430927e+00  -2.3301934e+00   4.6661529e+00   5.6139435e+00   9.1719270e-01
   5.5605312e+00   2.4474701e-01   4.7428287e+00   3.2841424e+00   4.0634899e-01
   5.8864858e+00  -7.0527868e-01   4.1777003e+00   4.9259518e+00   1.9891382e+00
   5.1762892e+00  -4.6356881e-01   4.9630439e+00   6.2478676e+00   7.5494440e-01
   5.0281589e+00   6.4350888e-01   4.0181806e+00   4.4922198e+00   1.0008962e+00
   5.3745985e+00   1.9316749e+00   5.1899335e+00   4.4339683e+00  -1.8166934e-01
   4.0599367e+00   1.2529876e-01   2.7479242e+00   5.9219868e+00   1.0566016e+00
   3.9608125e+00  -1.1956629e+00   5.5013868e+00   3.4581895e+00   1.6897966e+00
   4.8415691e+00   6.7196308e-01   5.3406458e+00   4.8581149e+00  -6.0719391e-01
   5.0176776e+00   1.5467361e+00   4.7419068e+00   4.9828529e+00   1.5222401e-01
   5.8862152e+00  -6.1743611e-01   6.1849552e+00   5.4956361e+00  -6.3377843e-01
   5.9188558e+00  -5.6945117e-01   5.0345864e+00   3.4057019e+00   1.9520374e+00
   5.3703036e+00  -3.1437987e-01   4.4432975e+00   5.1313553e+00  -1.4844887e-01
   4.6452827e+00  -1.7438727e-01   5.1104511e+00   3.1288503e+00   1.1291499e+00
   3.8040304e+00   6.4110472e-01   5.6372389e+00   3.8528857e+00   1.3360680e+00
   5.5689219e+00  -1.2975168e+00   4.4846106e+00   3.9273839e+00   1.7763444e+00
   5.4800930e+00  -2.0239165e-02   4.2205755e+00   4.3325836e+00  -5.7275867e-01
   3.4850060e+00  -8.8652660e-01   3.8086140e+00   4.8438748e+00   4.9677581e-01
   4.6727700e+00  -9.4364741e-01   6.7139989e+00   5.2361083e+00   2.0182484e+00
   4.5998270e+00   1.0054676e+00   5.3505121e+00   6.3557788e+00   6.4360743e-01
   3.6955703e+00   1.1872703e+00   3.4026215e+00   5.1019588e+00  -9.8797277e-01
   4.8290958e+00  -3.0634931e-01   5.2897390e+00   3.5937267e+00  -7.7378133e-01
   4.4088373e+00   5.1779393e-02   5.6402867e+00   3.8877755e+00  -2.2856142e-01
   6.2701928e+00  -9.1639034e-01   4.6230871e+00   4.2346161e+00  -5.7767797e-01
   5.8439271e+00  -4.2386233e-01   2.9495022e+00   3.8627403e+00  -3.8629211e-01
   3.3972523e+00  -5.5082953e-02   6.7112384e+00   5.7069822e+00  -2.5221316e+00
   4.8077727e+00  -1.0707780e+00   4.0156806e+00   3.7454916e+00  -3.7739211e-01
   4.5647451e+00   1.8102997e-01   5.9315180e+00   3.9466926e+00  -7.3265149e-01
   5.5082459e+00  -1.5120965e+00   5.2521765e+00   3.7790741e+00   1.1650753e-01
   5.6497730e+00   9.9618913e-01   3.5902453e+00   5.6129874e+00   7.0414965e-01
   5.0297116e+00   2.8670158e-01   4.2919897e+00   4.2489319e+00  -5.3480618e-02
  -5.5317452e+00   1.6496306e+00   9.7830998e-01   4.4622056e+00   3.1554579e-01
  -4.7626532e+00  -1.0535575e+00   2.5172555e-01   3.7249723e+00  -4.2347816e-01
  -5.4881958e+00  -1.3718123e+00   2.1242297e+00   4.5265172e+00   9.1696254e-01
  -6.2944349e+00  -2.3551704e+00   4.0320938e-01   8.6972654e+00  -6.4526454e-01
  -8.0459782e+00  -3.0046665e-01   2.6849974e-01   5.2839567e+00   1.8316277e+00
  -5.4404256e+00   4.4261583e-01  -1.3265055e-01   5.3731484e+00   1.3641321e+00
  -4.5013545e+00  -1.1403737e+00  -6.8182738e-01   6.8049566e+00  -1.2961290e+00
  -4.0284524e+00   1.1373741e+00  -1.3894107e+00   5.5805894e+00  -4.5603970e-01
  -5.5198236e+00   3.4115509e-01   1.9280834e+00   4.6899189e+00  -3.7088645e+00
  -6.2250810e+00   8.7370654e-02   1.9405345e+00   3.9498509e+00   5.2575631e-01
  -4.7120420e+00   5.3733357e-01   1.2467813e-02   5.1754651e+00   1.1678506e+00
  -4.0996134e+00  -2.0896128e+00  -7.4369711e-01   5.7161556e+00   2.7347018e-01
  -6.8385637e+00   4.3416510e-01  -1.4123977e+00   4.7451613e+00   9.5039435e-01
  -3.8638051e+00  -1.1195065e+00  -1.1299634e+00   4.7600891e+00  -5.3083483e-01
  -6.8652371e+00   1.3154308e+00   8.8622599e-01   5.7117606e+00  -5.5419606e-02
  -6.1725318e+00   3.9150967e-01   7.5327739e-01   3.5801628e+00  -1.2347309e+00
  -4.5002462e+00  -1.3155554e+00  -1.2545429e+00   4.9136273e+00  -1.5338121e-01
  -5.3362490e+00  -3.7006382e-01  -1.3343698e+00   5.8125162e+00  -6.1169767e-01
  -3.2855582e+00   2.8460488e-01  -4.6070765e-01   4.9380763e+00   2.5965376e-01
  -6.3757074e+00   1.1767365e+00   9.0352433e-01   4.8717365e+00  -2.9948532e-01
  -5.4036070e+00   1.1400715e+00   9.5443029e-01   4.9955649e+00  -1.1900774e-01
  -3.8964114e+00  -2.9297598e-01   6.7230840e-01   4.8224986e+00  -1.6055818e+00
  -5.9040157e+00  -1.0823147e-01   3.4068009e-01   5.7457085e+00  -1.1655076e+00
  -6.0089702e+00  -1.1205418e+00  -2.8023638e-01   3.7261881e+00   1.3346802e+00
  -3.1955562e+00   5.7707515e-01  -3.1001819e-02   4.4677766e+00   1.6502937e-01
  -5.3399962e+00  -2.6749026e-01  -5.1976544e-01   5.2966551e+00  -9.1079654e-01
  -5.3963988e+00   1.5110503e+00   6.2052241e-01   2.9209749e+00  -8.1000857e-01
  -4.8245412e+00   2.9130923e+00  -1.6867011e+00   3.5547119e+00  -7.2869898e-01
  -4.1845995e+00   5.3707892e-01  -5.2261253e-02   5.6841884e+00  -2.4976071e-01
  -5.4165073e+00   1.3123187e+00   8.1815777e-01   5.6181127e+00   5.8702128e-01
  -5.3442871e+00   2.1595170e-01   1.6353216e-01   4.9963019e+00   2.9534706e-01
  -7.0875020e+00   2.5810338e-01   3.1581196e-01   5.3248596e+00   4.7218806e-01
  -5.1122861e+00   7.3595648e-01   3.9920418e-01   5.2608167e+00   5.3136274e-01
  -4.9730842e+00   9.0798805e-01  -2.5930418e-01   4.8066445e+00  -1.1183613e+00
  -5.9374358e+00  -9.6332700e-01  -4.9746392e-01   3.5935483e+00  -2.9583416e-01
  -5.4037890e+00  -8.8380256e-01  -1.5291080e+00   5.3712162e+00  -1.0359953e+00
  -4.6637930e+00  -9.3369927e-01  -9.8659617e-01   4.7820163e+00  -6.5967124e-02
  -4.1004796e+00  -7.0680291e-01   8.0414384e-01   5.7835117e+00   1.9245703e+00
  -6.6322997e+00   6.4929883e-02   1.8691840e+00   4.5100280e+00   7.1341265e-01
  -2.7013723e+00  -1.3290852e+00   1.2282401e+00   6.0202056e+00   1.8753305e+00
  -4.9516313e+00  -1.8388496e+00  -8.9227223e-01   5.9362771e+00  -4.2298115e-01
  -5.6123024e+00  -1.0862974e+00   1.1182547e+00   7.4756004e+00  -1.9104613e-01
  -4.4219567e+00  -5.4127094e-01  -9.5357868e-01   5.1224993e+00   5.5859180e-01
  -4.3981600e+00  -4.2156063e-01   1.3777302e+00   4.7418205e+00   1.4807893e+00
  -5.7681765e+00   1.5580270e+00   5.9810178e-01   4.0235152e+00  -6.4792850e-01
  -5.5351830e+00  -4.2696736e-01   1.5867990e+00   4.2109256e+00  -2.0879788e-01
  -3.5577344e+00   5.1007140e-01   1.7012926e+00   5.2025324e+00   2.2385447e+00
  -5.0752595e+00   2.3925382e+00   1.3829936e+00   5.3234482e+00   1.2372065e+00
  -6.6031791e+00  -1.9484426e+00   5.1686162e-01   7.1051837e+00  -5.2260332e-01
  -4.4734758e+00  -1.1928031e+00   1.6652332e-01   5.9484066e+00  -1.1264506e+00
   1.1933459e+00  -4.0968020e+00   2.5791601e-01  -1.5747604e+00   6.0041364e+00
   9.1998140e-01  -5.6772575e+00  -1.2610727e+00  -5.0860722e-01   2.6830239e+00
   4.1721488e-01  -4.7734434e+00   1.6382391e+00  -5.8547740e-01   5.4005158e+00
   2.3426560e-01  -5.3356849e+00   1.7894126e+00  -6.2759363e-01   4.6487772e+00
  -5.7475769e-01  -5.2184721e+00   1.2201431e+00   1.3079954e+00   6.3946242e+00
   8.6057067e-01  -5.8442283e+00  -4.9153037e-01   9.7969776e-01   4.9074069e+00
   2.3917138e-01  -4.2315815e+00  -4.6500858e-01  -2.3458985e-01   5.2376221e+00
   3.8506741e-01  -6.9228559e+00  -2.9265674e-01   2.2823694e+00   3.4788771e+00
  -1.1639946e-01  -5.5045085e+00  -2.2900998e-01  -1.0841428e+00   5.4380466e+00
   7.6675726e-01  -5.7397267e+00  -1.1846241e-01   1.4184465e+00   5.0238129e+00
  -7.9437456e-01  -4.8622399e+00   2.0644900e-01  -8.7197506e-01   4.7053036e+00
   5.0170408e-01  -3.0519492e+00  -1.0345090e+00  -3.5496417e-01   5.0731543e+00
   1.8174128e-01  -4.9494173e+00  -1.1035432e+00  -1.0516152e+00   4.6555566e+00
   2.1707837e+00  -6.0866442e+00   3.4345101e-01   8.3134739e-01   4.1599511e+00
  -4.8582549e-01  -5.3430307e+00   2.6958562e+00  -9.3654641e-01   5.9399110e+00
  -9.5391708e-01  -5.7492884e+00  -4.1920419e-02  -1.7965590e-01   4.0921397e+00
  -1.8572083e-01  -5.7066875e+00  -7.1921338e-01   8.0261352e-01   4.3300704e+00
   1.5638121e+00  -3.6007653e+00   1.5928822e+00   9.3176068e-01   4.5815772e+00
  -1.0661020e+00  -4.7661085e+00   4.3009437e-01   3.1652217e-01   6.0342607e+00
  -1.1817114e+00  -4.2695661e+00  -8.7721434e-02  -1.4286044e+00   4.6989193e+00
  -1.4852580e+00  -4.9969262e+00  -6.9667339e-01   2.4639328e-01   5.3718707e+00
  -6.7537259e-01  -3.6114859e+00   6.0104607e-01  -7.1511686e-01   4.2809229e+00
  -1.4876646e+00  -3.6308465e+00  -4.1485926e-01  -1.2246503e+00   4.7946640e+00
  -4.2079633e-01  -7.1748299e+00   1.9516603e-01   6.8043341e-01   4.5761179e+00
  -8.7345357e-01  -4.9545403e+00   3.2938390e-01  -6.9577937e-01   5.0045317e+00
   1.9088439e+00  -4.6050088e+00  -1.4701439e+00  -1.0642730e+00   3.6373145e+00
   6.6726018e-01  -6.6477980e+00   8.3813725e-01  -5.4730664e-01   5.9989110e+00
  -1.2680051e+00  -4.7672476e+00  -1.0458942e+00   1.2716624e+00   5.8636727e+00
  -1.7068533e+00  -5.0159452e+00   8.2251173e-01  -9.1420059e-01   4.2985756e+00
  -1.5881647e-01  -3.6467003e+00   2.5285474e+00  -3.1453500e-01   5.3210314e+00
   1.4384666e+00  -5.7756832e+00   8.6643390e-01   9.4129459e-01   4.2757182e+00
  -2.4030064e-01  -5.9040812e+00  -6.6720588e-01  -1.7993575e+00   4.9578514e+00
   1.4587420e+00  -5.7064222e+00  -1.2435632e+00   1.1369928e+00   5.4646822e+00
   7.9493843e-01  -7.0163206e+00  -1.3673145e+00  -7.6188022e-01   5.7043596e+00
  -2.4853689e-01  -4.7042124e+00   9.5401502e-01   6.1255937e-01   6.2065599e+00
  -5.8111667e-01  -6.8558104e+00  -1.3315591e+00  -9.4315188e-01   6.4426309e+00
   5.1591654e-01  -5.3843672e+00  -3.0155674e-02   2.2842076e-01   5.7108395e+00
   1.6044856e+00  -5.1809549e+00   9.6478535e-01   5.2887096e-01   6.2638129e+00
   1.3804594e+00  -3.9332606e+00   2.0374188e+00   8.9216799e-02   3.1887771e+00
   3.8306233e-01  -5.7846266e+00  -1.5021346e+00   1.7178568e-01   4.6406535e+00
   1.4278105e+00  -4.5847495e+00  -7.0316751e-01   1.5239573e+00   6.5105186e+00
   1.5168666e-01  -3.7929244e+00  -1.4457174e+00  -6.4696427e-01   4.4181472e+00
   6.3305873e-01  -5.8722586e+00  -9.7724725e-01  -1.9241080e-01   5.5312570e+00
  -9.8390546e-01  -3.8929583e+00  -4.2767345e-01  -1.7495093e+00   4.6328798e+00
  -1.4951567e+00  -4.3824942e+00   3.7958940e-02  -2.0407703e-01   5.6209778e+00
  -6.7862820e-01  -3.6800053e+00   6.7064334e-01   6.8449451e-01   5.9407003e+00
  -2.0076928e+00  -5.1639399e+00   2.5282400e-01   7.0279623e-01   3.1236471e+00
  -1.6252008e+00  -4.6595057e+00  -6.6820033e-01  -2.7885098e-01   7.1296382e+00
   2.9214964e-01  -5.1073249e+00   3.2272910e-01  -5.5617091e-01   4.4872824e+00
  -1.7515642e+00  -6.1032203e+00   1.4117508e+00   2.6684382e-01   4.0293826e+00
