   3.4668450e-01  -4.2249248e-01
   6.7177822e-01  -1.2832959e+00
  -1.3634999e+00  -1.0021399e+00
  -1.3991894e+00  -1.2484101e+00
   2.3767967e-01   9.5590548e-01
  -1.7384941e+00   1.8765811e-01
   1.4923179e+00   1.0939365e+00
   1.4091639e-01   2.0658324e+00
   8.7665405e-01   1.8824174e-01
   1.8125600e+00   4.4597753e-02
  -2.3711416e-01   9.3262458e-01
   4.7886638e+00   4.4999660e-01
  -9.3536205e-01  -8.4916627e-02
   2.7297147e-01   6.1356793e-02
  -1.3633711e+00  -2.1167867e-01
   1.3955207e-01   5.0067753e-01
   8.6958470e-01   1.1959621e+00
   7.1194973e-01  -4.9020286e-01
   7.7072007e-01   5.0509189e-01
   1.3691202e-01  -2.3907136e-01
  -3.7664134e-01  -1.1332519e+00
   4.7776254e-01  -2.8643444e-01
   4.2871468e-01  -1.4263326e+00
   2.1192004e+00   7.9981651e-01
  -1.6387735e+00   2.0461607e-01
   1.2394468e+00   8.5162986e-01
   1.5236345e-01   1.1849623e+00
  -2.2073792e-01   3.6553900e-01
  -6.6207750e-02  -1.6275908e+00
  -8.6308933e-01  -2.4825699e+00
  -3.2464022e-01  -3.8726511e-01
   6.2239017e-01  -7.3127836e-01
   2.4392772e+00   2.1747841e+00
  -1.0835129e+00   4.4131279e-01
   1.7503200e-01   1.2015989e+00
   1.1309324e+00  -1.4091345e-01
   3.0139489e-01  -2.2355932e+00
  -1.6304244e+00   7.8439774e-01
  -8.3476912e-01  -1.1735703e+00
  -3.2365122e-01   1.9229656e-01
   1.1954226e+00   1.8909686e+00
   7.8832843e-01   2.2292012e+00
  -9.3888949e-02   1.2143892e-01
   4.5025516e-01  -1.5396808e+00
  -4.0344604e-01   7.2325666e-01
  -7.1753399e-02  -2.2338514e-01
   3.4259804e-01   1.4838345e+00
  -2.3968015e+00  -1.9872694e+00
  -1.1013140e+00   1.1242848e-01
  -5.2254624e-01  -9.5581859e-01
  -1.1804143e-02   9.6712309e-01
   1.5965373e+00   9.8644255e-01
   1.4970720e+00   6.0863712e-01
   1.6413258e+00  -1.0747822e-01
   2.1438040e-01  -1.0948744e-01
   3.7929758e-01  -6.4055753e-01
   5.1687160e-01   5.2950985e-01
  -1.2545994e-01  -5.1032068e-01
  -4.0654593e-02  -9.3758032e-01
  -1.0392853e+00  -8.2105494e-01
  -7.0766787e-01   1.6544814e+00
   1.5612939e-01  -5.0786418e-01
  -1.4367532e+00  -4.1267508e-01
   9.3858096e-01   5.9036914e-01
  -3.4121572e-01   1.2318314e+00
  -8.3092849e-01  -5.7994379e-01
   4.9781830e-01  -7.6862228e-01
   1.4755876e+00  -1.2257519e+00
   1.1561429e+00   5.3847629e-01
   1.8200839e+00  -1.4759530e-01
   6.9247194e-01  -1.2822370e+00
  -2.5550987e-01   2.6232578e+00
   5.6812349e-01   9.6627432e-01
  -1.8324929e+00   1.2081447e+00
  -9.1387428e-02  -1.5512465e+00
  -1.0888178e+00  -6.7677883e-01
  -4.3944366e-01   7.8116229e-01
  -8.3662128e-01   1.4225316e+00
  -4.7179516e-01  -2.6429122e-01
   7.2136827e-01  -3.0223068e-01
  -6.7021306e-01   8.5898098e-01
  -1.4698702e+00   2.0151299e-01
   7.9394503e-01  -1.3504380e-01
   4.7155906e-01   5.7840427e-01
  -6.9383413e-01   7.7880139e-01
  -8.2344622e-01  -2.9500359e-01
   1.8550084e-01   8.5021457e-01
   6.8790167e-01   1.8352867e+00
   5.3396073e+00  -3.3653137e-01
  -5.7471302e-01   4.4737622e-01
   2.3008029e-01  -7.8195786e-01
   8.3871993e-01  -2.0265383e+00
  -1.7386808e+00  -2.8471211e-01
  -4.9716812e-02  -1.0449247e+00
  -1.0628082e+00  -4.7112700e-01
  -9.5177349e-01   2.1944406e+00
   6.1432621e-01   8.7451037e-01
  -1.2457992e-01   4.1563150e-02
  -2.4042026e-01   3.0813622e-01
   9.9526122e-01  -7.7223430e-01
   3.7427746e-01   4.9913978e-01
   2.1430706e+00  -4.3320305e-01
  -6.4613531e-01   5.8159330e-05
  -1.5522675e+00  -9.3579809e-01
   1.3457511e+00   6.6082987e-01
  -1.3221072e+00   5.3745828e-01
   4.7173703e-01  -1.6991487e+00
   2.0511449e-02   1.4952417e+00
  -6.5355384e-02  -9.7644425e-01
   4.1011149e-01  -7.8104568e-01
  -2.0356495e+00   1.6795425e-01
   1.0119762e-01   1.2136889e+00
   8.7158458e-01  -7.3276346e-01
   2.8770103e-01  -1.5263614e+00
  -1.0157611e+00   5.0734383e-02
  -5.4604362e-01  -1.3065357e+00
  -5.1831816e-01  -9.6066433e-01
   2.2912884e+00  -1.5171641e+00
   4.4422925e+00   2.0031821e+00
   5.4382132e+00   1.3145341e+00
  -9.7386948e-01  -4.7064141e-01
  -4.9374247e-01   5.8154332e-01
  -1.3715494e-01  -2.2487043e+00
   3.7815325e-01   2.8336099e-01
   4.8042899e-01   7.2892361e-01
  -3.2367567e-01  -7.9587624e-01
   2.7894320e-01  -4.6386444e-01
   5.7767524e-01   5.0660536e-01
   5.1829137e-01   2.5441065e+00
   1.3247286e+00  -5.6087296e-01
   2.4580230e+00  -1.1307222e+00
  -1.9239126e+00   5.3425622e-01
  -1.1228027e+00   5.2126729e-01
   2.1779899e-01   3.7568471e-01
  -4.0164860e-01  -1.4742014e+00
  -7.5878772e-01   4.0403422e-02
   8.8414456e-01  -2.6354679e-01
  -8.3673878e-01   1.4848419e-01
   1.1131793e+00  -4.7430373e-01
  -1.5134846e+00   8.6526778e-01
  -4.2783009e-01   2.1825857e-02
  -5.1034262e-01   9.8273070e-01
  -8.5377576e-01  -9.2989886e-01
   8.6476431e-02  -4.5132767e-01
  -1.5794131e+00   9.5659405e-01
   3.2412230e-01   7.4662088e-01
  -2.4112107e+00  -2.4221899e-01
  -2.2487285e-01   1.2507128e-01
   9.5144940e-02   6.6593185e-01
   5.0920444e-02  -8.7060950e-01
  -3.2502064e-01  -6.8366169e-01
  -1.3520355e+00   5.0157008e-02
   4.7645567e-01  -3.0741884e-01
  -3.8471904e-01   3.0253163e-01
   1.2768557e+00   4.0849155e-01
  -3.5183586e-01  -6.3162749e-01
  -2.9255971e-01  -5.0043417e-01
   8.1376834e-01   1.2955465e+00
   5.6770031e-01  -1.1814183e+00
   1.4458381e+00   7.3240310e-01
   8.4563143e-01   3.3177629e-02
   7.0279531e-01  -1.6490592e+00
  -7.1467763e-01  -9.3483032e-01
  -2.8425757e-01  -4.6712328e-02
   4.7657710e-01   6.3484335e-01
   6.1951083e-01  -2.6931419e-01
   6.0381978e+00  -6.7257952e-01
  -2.3629121e-01   4.8849762e-01
   5.7857094e-01   2.0014058e+00
  -6.6496361e-01  -5.2546967e-01
  -8.2916020e-01   1.3585400e+00
   5.5792340e+00   7.5867548e-02
  -7.1566179e-02   8.0193076e-01
   8.1039268e+00   9.4654220e-01
  -1.7911186e+00   1.6531606e+00
   2.4021532e-02   4.5907177e-01
  -1.7907282e-01  -1.9707773e-02
   5.4210099e-01  -1.7542131e-01
  -9.5230150e-01  -1.2493015e+00
   3.1216395e-01   7.2490496e-01
   4.5890574e-01   1.7793121e+00
   1.0161354e+00   7.7170223e-01
   4.0574966e+00   4.3386025e-01
   2.2468632e-01   1.1986454e+00
   7.6204626e-01  -1.0650517e-01
  -1.2777084e-01   4.9465447e-01
  -2.2696223e+00  -2.5477032e-01
  -6.7551002e-01  -1.1951850e+00
  -8.2731582e-01   3.2266065e-01
  -9.0004876e-01  -1.6234833e-01
   2.3715130e-01  -1.1058080e+00
   6.7508456e-01   1.1988785e+00
   3.2104858e-01   1.0659236e+00
   4.3415907e-01  -5.7206767e-01
   1.7832115e-01  -3.6400013e-01
  -2.2793835e-01  -1.3766700e+00
  -3.7428390e-01   1.8063631e+00
   2.3059140e-01   5.5944457e-01
  -5.3379044e-01  -2.8850892e-01
  -1.3395361e+00  -1.6847129e-01
   1.1111171e+00   1.6598789e-01
  -5.3132020e-01   3.9902865e-01
   6.1441235e+00   3.4616135e-01
  -5.4549533e-01  -2.2083847e+00
  -1.8727398e-01  -1.4466681e-01
  -1.2691634e+00   4.1725242e-01
  -1.0455324e+00   2.6524691e-02
   5.6338136e-01   7.1509663e-01
  -1.4516204e-01   1.0427813e+00
   1.4186499e+00  -1.9113555e-01
   5.1238965e-02  -1.3401063e+00
  -1.4004077e+00  -5.4273708e-01
   1.1907735e+00   9.1356497e-01
  -1.3273369e+00   6.9828743e-01
   8.8248668e-01   1.3866566e+00
   5.2095261e+00   4.8589572e-01
  -5.7458983e-01  -8.8878145e-01
   4.1617925e+00  -5.1991488e-01
   1.8418665e+00  -8.1247662e-01
   2.6416348e-01   5.2681229e-01
   1.9052196e+00  -1.7559845e+00
  -1.9002118e+00  -7.3439411e-01
   4.0833296e-01  -8.6619636e-01
   5.1081433e-01   4.1187512e-01
  -1.6120289e-01  -7.4246844e-02
   1.3077394e+00   3.9629813e-01
   8.1957757e-01   2.8867466e-01
  -1.6481852e-01   1.0557846e+00
  -5.2919959e-01   1.0069904e+00
   1.1759036e-01  -2.0328048e+00
   1.1872726e-01   1.7958518e-01
   3.6893768e-02   1.2791326e-01
   1.7291441e+00   1.2919106e+00
   1.8512642e-01  -7.8082767e-01
   1.1453162e+00  -9.0961222e-01
  -1.7701721e+00  -6.4251565e-01
   6.4840898e-01  -4.4666238e-01
   2.1013715e-01   9.3694101e-01
  -1.4940121e+00   4.6518428e-01
  -1.4717698e+00   7.7661566e-01
   1.1235963e+00  -1.8009997e-01
   7.0417337e-01  -9.5231278e-01
   3.9203993e-01  -8.5442680e-01
   2.5784600e-01   7.3055282e-01
  -9.1580133e-01   5.1541849e-01
  -4.3981254e-01  -1.6208823e+00
  -1.1407291e+00  -1.2384968e+00
   1.0076267e+00   1.0148561e+00
   5.9733642e+00  -1.8099836e-01
   9.3127164e-01  -5.4061549e-01
   1.0214712e+00  -1.2424528e-01
   1.8050397e+00   1.3188209e+00
  -1.6046343e-01  -2.3041746e-01
   2.2985195e+00  -2.5988589e-01
   4.6625058e-01   3.2237102e-01
   6.6095321e-01   1.6932675e+00
  -3.0930863e-01  -1.0610296e+00
   4.4859169e-01   2.8303465e-01
  -2.3574496e-01  -6.1350238e-01
  -1.4147015e-01  -1.6667881e+00
  -1.4989788e+00  -4.4718485e-01
  -1.4553974e+00  -5.2969632e-01
   3.5608923e-01   1.6340001e-01
   5.9905272e+00   6.7778262e-01
  -4.8351636e-01  -7.2443335e-02
  -3.6370054e-02  -1.1046118e+00
  -1.1424187e+00   6.8080866e-01
  -9.0011566e-01   2.2292140e-01
  -7.5410707e-02   9.6828851e-02
  -1.5138376e+00  -1.8441176e-01
   1.7006849e-01  -3.0378144e-01
   4.1712826e-01   1.7895197e+00
   3.7616035e-01  -3.2861367e-01
   3.9068957e-01   2.9263313e-01
  -1.2052253e+00  -2.9723216e-02
   7.8534621e-02  -2.5591324e-01
  -1.1435963e+00   4.7405007e-01
  -8.3375616e-01  -5.3815389e-01
  -9.2653886e-01   1.0621014e+00
   7.2227548e-02  -3.5346160e-01
   1.1729758e+00   2.3200110e+00
  -3.7618849e-01  -2.3940197e-01
   3.8608804e-03   5.7404384e-01
   2.8451378e-01  -1.8640581e+00
  -6.0823144e-01   8.2646031e-02
   1.3575268e-01   2.1688668e+00
  -8.5945585e-01  -9.5896114e-01
  -2.0095308e-01   3.6889055e-01
   2.0147912e+00  -1.3480991e+00
   3.8808313e-01   8.8913326e-01
   1.6649083e+00  -1.1677465e+00
  -1.0321869e+00  -1.1079831e-02
  -4.5720066e-01   3.2913156e-01
   5.5219645e-01  -6.2352873e-01
   6.7555778e+00  -4.0165908e-01
   1.7076385e-01   1.1240460e-01
   1.3347653e+00   7.1280198e-01
   6.9231464e+00  -1.8005626e+00
  -6.6040528e-01   6.4234209e-01
   6.8763255e-02   3.0061841e-01
   7.1833907e-02  -1.4246583e+00
  -2.6043417e+00   7.3984793e-01
   2.7960408e+00  -1.1322615e+00
   1.3292812e-01  -1.5909167e+00
  -1.1608139e+00   1.8978847e+00
   8.6221705e-01  -7.3270578e-02
   1.4645730e-01   2.8919831e-01
   1.1791192e+00  -3.1581429e-01
   1.6916288e-01  -1.9190141e-01
   1.5550580e+00   1.3638706e+00
  -5.0436787e-01   2.9216062e-01
  -1.9650058e-01   1.3957562e-01
  -6.6166555e-01   8.5065518e-01
   8.5901375e-01  -2.8524637e-01
  -4.6902388e-01   2.9126394e-01
  -1.0046508e+00  -1.7601481e+00
   1.1739338e+00  -1.0425913e+00
  -3.8067999e-01   6.6194762e-01
  -1.2151509e+00   8.3909992e-02
   6.1736756e-01  -1.1535561e+00
  -6.6047414e-01  -6.0137199e-01
   3.1599228e-01   7.7859033e-01
  -1.1437366e+00   4.9838117e-01
  -1.2501718e+00   2.6033048e+00
   6.7527574e-01  -7.8188809e-01
  -2.5871362e+00   9.9322819e-01
  -6.1539941e-01  -2.0950827e+00
  -1.9635553e+00  -1.0071683e+00
   9.6276184e-01   6.9554123e-01
   1.3295628e+00   9.4015531e-01
   2.9690237e-01   3.9466685e-01
  -4.8941164e-01   5.3124838e-01
  -1.9222895e-01  -5.8772702e-02
   1.0622505e+00   1.0287796e+00
  -6.6343069e-01   8.5373284e-02
   4.7653051e-01  -1.0654732e-01
  -7.2615527e-01   3.1367792e-01
  -5.3203172e-03   1.3886868e+00
   4.0822467e-01  -5.4592397e-01
   4.5940296e+00  -7.4982229e-01
   2.2915716e+00  -8.9019212e-02
   1.0152033e+00   1.7479145e+00
   2.8033683e-01  -9.7158144e-02
  -2.3391996e-01  -8.8481036e-01
   5.1746390e-02   8.8470196e-01
   7.1061347e-01  -7.4171404e-01
   1.7780760e-01   1.5794611e+00
   3.3226592e-01  -6.5888620e-01
  -4.9661794e-01   5.1416495e-01
   3.2934136e-01  -4.5293697e-01
  -5.4884693e-01   3.5544957e-01
  -1.2604285e+00  -1.1786253e+00
   6.1311275e-01   3.0843597e-01
   8.0231160e-01   1.1794531e-01
  -5.4213967e-01   1.5000066e-01
  -1.4208992e+00   5.1059870e-01
  -7.0116479e-01   1.7555625e+00
   1.0728712e-01  -4.3805822e-01
   1.1506693e+00   5.9156435e-01
   5.8643638e-01  -3.0408896e-01
   1.6639512e-01  -9.0151614e-01
  -3.7109606e-01   4.9924719e-01
   6.5333103e+00   1.4712239e+00
   1.5529920e+00   3.0188949e-01
  -2.4224870e-01   1.6882868e-01
   4.1242162e+00  -1.8378454e+00
   1.2643611e-01   2.7229698e-01
  -2.5960258e-01   4.7534069e-01
  -7.4441831e-01   1.6900541e-01
   1.5956802e+00   4.0379707e-01
  -3.0788194e-01  -8.1756076e-01
  -1.5832592e+00   1.3511557e+00
  -1.4742215e-01  -2.2972631e-01
  -1.5168023e+00  -7.0272094e-01
   2.7141938e-01  -1.4058844e+00
   1.4761797e+00  -8.1607155e-01
  -2.5645796e+00  -3.4037987e-01
  -5.3681033e-01   3.7029170e-01
  -2.9823273e-01   2.5594696e-01
  -1.0901694e+00   2.3309411e-02
  -9.8492577e-01  -7.7538630e-01
   5.2999192e-01  -1.2217817e+00
  -3.4490989e-01   1.5526776e+00
   6.4601571e-01   1.1919697e+00
  -1.0401012e+00   3.1881119e-01
   4.2504258e-01  -2.3487351e+00
   1.0394898e+00   9.2353418e-02
  -1.5057167e+00   2.6315571e-01
  -1.3830056e-01   4.4188594e-01
  -2.5858979e-01  -1.1603914e+00
  -1.1534012e+00  -5.3593850e-01
   2.1012600e+00  -2.0577961e-01
   8.8539007e-01   2.7849319e-01
   6.7322314e+00  -1.3924092e-01
   8.0912292e-02  -1.1065951e+00
   2.6612328e+00  -1.9708440e-01
  -1.2630382e+00  -2.3196364e-01
  -4.9676257e-01  -9.7124472e-01
   1.2582203e+00  -3.8628625e-01
   1.7013683e-02  -1.1748588e+00
   2.9492357e+00   1.5916927e+00
   7.0018804e-01  -3.2699689e-01
   5.0926531e-01  -4.5989345e-01
  -3.2438237e-01   1.3222466e-01
   6.6217663e+00   7.8741419e-01
   9.3750900e-01  -1.1753099e+00
  -4.8425542e-01  -7.6354972e-01
   7.4085866e-01   4.4554032e-01
  -8.1126238e-01   5.7225730e-01
  -3.6678925e-01  -5.0874693e-02
  -8.8493856e-02   1.7026653e+00
   1.4627325e+00   2.8992303e-01
   9.0405534e-01   1.0632641e+00
   1.3074515e+00  -1.3163666e-01
  -6.4158156e-01  -8.3640196e-01
   7.1309622e+00  -8.1550449e-01
   7.0083354e-01  -1.1070107e+00
  -8.8401550e-01  -3.1792762e-01
  -3.2944924e-01   3.3627133e-01
  -6.8598116e-01  -9.6177875e-01
   2.4854800e-01  -1.3373258e-01
   2.1402774e+00   6.9105331e-01
  -5.8461430e-01  -9.2878774e-01
  -6.9544992e-01  -2.7456382e-01
  -3.2962499e-01   7.4374227e-01
   2.6037890e+00  -5.7265006e-01
  -4.7811712e-01   3.3839277e-02
   1.1139506e+00   9.8576941e-01
  -2.0490573e-01  -2.2418391e+00
   4.3393973e-01  -4.5696071e-01
  -1.2276785e+00   6.5204887e-01
  -2.4039884e-01  -8.7371792e-01
   5.6668873e-01   3.3717546e-01
  -1.6616072e+00   7.6390567e-01
  -1.2216774e+00  -1.7025627e+00
  -1.6560410e+00  -2.1574257e-01
  -3.0037581e-01   2.5027631e-01
   3.5663780e-01  -1.1547673e+00
   7.1281218e-01  -1.1985505e+00
   6.3889515e+00   8.6958202e-01
  -7.6588190e-01  -8.4210037e-01
   6.6718762e+00   1.1784982e-01
  -1.0446971e+00  -3.4989344e-01
   2.4731342e+00  -1.5826256e+00
  -5.1139562e-01  -6.7356863e-01
   8.4773089e-02   2.7828240e-01
   1.3549310e+00  -1.0594697e+00
   1.7391618e+00  -1.8875945e+00
   1.6689554e-01   6.7017412e-02
   1.6086928e-01  -1.4555020e+00
   6.3454855e-01  -8.7180056e-01
  -5.1634301e-01  -7.7486408e-03
  -7.2697836e-01  -6.3128862e-01
  -6.6331650e-01  -9.6751093e-01
   5.5850854e-01   1.0057659e+00
  -7.3911881e-01   7.1279882e-01
  -3.9618240e-01  -1.1755616e-01
   1.3023382e+00   2.3055779e-01
   7.3809908e+00  -6.8161301e-01
   1.9278302e+00  -6.8323014e-01
  -1.5940170e+00   4.2227007e-01
  -1.3314926e+00  -7.9001741e-01
   6.9660599e-01  -9.8164704e-01
  -1.4086583e+00  -3.5446054e-01
   1.7458636e+00  -7.4440518e-01
   3.2709933e-01  -1.4654692e+00
   2.8018289e-01   6.1514420e-02
  -3.8008656e-01  -5.9348291e-01
   2.7398714e+00  -1.1544865e+00
  -1.3059832e+00  -1.1683932e+00
  -1.4089244e+00   2.4091158e-02
   1.0443321e+00   5.5731656e-01
   3.2274454e-01   4.0167490e-01
  -6.9297278e-01   1.8626515e+00
   5.6091620e-01  -9.6717991e-01
  -4.7169926e-01  -1.0318903e+00
   1.3562879e+00   7.5424500e-01
   4.2281599e-01   5.6334694e-02
   3.7916712e-01   1.2877138e+00
  -7.9016638e-02  -1.7197243e+00
  -1.3735949e+00   1.6820632e+00
  -9.5962431e-01   6.8621967e-01
   3.5775731e-01  -7.0700544e-01
   5.6359353e-01  -2.4188534e-01
   7.9548339e-01  -2.7117720e-01
   9.0567687e-01   1.6470413e+00
   1.6278236e+00   1.3538154e+00
  -1.9944960e+00  -8.7146388e-01
   6.7398943e+00   1.0490749e+00
   5.7550245e-01   1.2088455e-01
  -1.1095420e+00   5.1208143e-01
  -1.6397763e+00  -3.1599335e-01
   4.0451786e-01   1.6836893e+00
   3.9704287e-01   2.7437232e-01
   1.6074871e+00  -1.2679006e-01
   1.3997440e-01  -1.0025729e+00
   2.2730928e+00  -2.0124431e-01
   7.6174506e-01   3.7664723e-01
  -2.5157222e-01   2.0358271e-03
   4.7675602e+00  -1.0836994e+00
   2.2792204e+00  -1.6297086e+00
   2.3056398e+00   9.9342099e-01
   6.4557276e-01   3.1899867e-01
   1.0754514e+00  -1.5777447e-01
   1.5295340e-01  -1.0878034e+00
  -8.8047671e-01   3.2466341e-01
   2.5824727e-02   2.9627909e-01
   6.4374952e+00   9.0587474e-01
  -7.9588418e-01   1.2509972e+00
   1.2700857e-01  -1.3755688e-02
   1.6188237e+00  -9.6634447e-01
  -5.5188896e-01  -1.1810606e+00
   5.2419748e-01   3.2136520e-01
  -2.4230636e-01   5.0284579e-01
   4.1663871e-01   1.8337242e-01
  -1.2369298e+00  -1.5745858e-01
  -9.1530404e-01  -2.3946250e-02
   1.8374263e-01   2.3998363e-01
  -2.4974941e-01   1.0912983e+00
   1.9416610e+00  -1.2691379e+00
  -1.4055211e+00  -6.0115132e-01
   4.7658383e-01   2.4969752e-01
   3.6773831e-02  -1.6264825e-02
  -7.0609227e-01   1.3265891e+00
  -4.6202540e-01   1.0476469e+00
   4.0587354e-01   1.2089636e+00
   1.1417547e+00   1.4607753e+00
  -1.0796617e+00  -3.7410167e-01
   7.1505641e-01  -6.8093843e-01
  -1.9329732e+00   3.5289173e-01
   1.2619558e+00  -6.9512132e-02
   1.9375125e+00   1.0708129e+00
  -2.9271854e-01  -8.9393099e-02
  -2.4875308e-01  -6.8763687e-01
   5.7489777e-02   5.3567124e-02
   4.4159904e-01  -4.2788914e-01
   1.8721918e-01  -1.5651869e-01
   1.2262045e+00  -4.0743944e-01
  -3.1690206e-01   1.5783519e+00
  -5.6871345e-01  -4.6692813e-02
   1.5620585e-01   9.1899648e-01
   5.2017806e-01   5.6490254e-01
  -3.1805435e+00  -4.7864917e-01
  -9.9158636e-02   3.3921797e-01
   9.3482261e-01  -2.3122615e+00
   4.2670733e-01   5.2373031e-01
   1.2508413e-01   9.4290669e-01
  -1.0854818e+00  -4.4125349e-01
  -6.0292069e-01   8.5297063e-01
   4.5635368e+00  -1.1970152e+00
   1.3519829e+00   1.4357515e+00
  -8.0866545e-01   4.6515894e-01
   2.8903174e-01  -5.4651034e-02
   2.5857906e+00   3.0216803e-01
  -7.2276865e-01  -1.5572890e-01
   1.1182282e+00  -5.7943674e-01
   9.7406922e-01   1.0709785e+00
  -2.0503734e-01   5.2324050e-01
   1.4676932e-01  -5.3520732e-01
   4.2163064e-01   1.8187407e-01
  -1.6480600e+00   6.3250644e-01
   2.1310898e+00  -1.1652324e-02
   1.1697006e+00   1.5619934e+00
  -8.5180954e-01  -5.6409553e-01
   2.4483834e+00  -1.9882782e-01
  -2.3277882e-02   8.7390106e-01
   6.2814847e-01   8.6747994e-01
  -4.9662340e-01  -2.0603174e-01
   5.8506076e+00  -2.8374857e-01
  -7.3156097e-01  -2.6153111e+00
  -7.2459235e-01   5.9287026e-01
   1.2213609e+00  -1.1351032e-01
  -2.3804248e+00  -5.0361866e-01
  -1.4401025e+00   1.2385497e+00
  -1.0631484e+00  -1.1862817e-02
  -6.2002139e-01  -8.3069622e-01
  -2.5224158e+00  -1.5964640e+00
   2.1822541e-01  -5.9022784e-01
  -2.0708712e+00   1.2048520e-01
   4.9461101e-01   3.0258419e-01
  -1.1156840e+00   2.2601485e-01
   9.8455116e-01  -3.4263143e-01
   4.6177901e-01  -2.7645924e-01
  -8.2409594e-01   1.3073878e+00
  -8.8254453e-02  -1.9180657e-01
   9.1586267e-01   5.7387743e-01
  -2.7404688e+00   6.1200448e-01
   1.1726144e-01   1.9119763e+00
  -4.7018007e-01  -1.2834373e+00
   2.1809555e+00  -1.8227884e+00
  -2.1344073e+00  -7.1177129e-01
   1.7265712e+00   1.0653726e+00
   1.6982949e+00  -2.4523633e-01
   6.9432809e-02   2.9175849e-01
  -7.0549672e-01   5.7306058e-01
  -5.0833610e-01   7.6495060e-01
  -1.3844722e+00   1.9375841e+00
  -5.0769645e-01   1.8544961e+00
   4.6890329e-01  -1.2956650e+00
   2.7474367e-01   5.8897906e-01
  -2.8738787e-01   3.7071776e-01
   7.9002692e-01   6.0054824e-01
  -8.8050693e-01   1.8717433e+00
   1.3730175e+00  -1.9009176e+00
   3.9268182e-01  -1.0827136e+00
  -1.1613061e+00  -1.7430846e+00
   1.1754043e+00  -5.8883497e-01
  -8.4314831e-01   5.8820737e-01
  -4.1846100e-01  -1.7397052e-01
  -3.4567070e-02   4.0502077e-02
  -2.1788811e+00  -1.5557807e+00
   2.1277629e-01  -5.6354235e-01
  -8.0118281e-01   8.9193246e-01
  -2.1334873e-01  -9.0309010e-01
  -1.4407452e+00   1.2394988e-01
   1.2894138e+00   1.2700134e+00
   1.7808100e-01  -6.0181891e-01
  -4.2791119e-01  -3.5954230e-01
   5.7320076e+00  -3.9183398e-03
   3.6213659e-01  -1.1270752e+00
  -2.3435565e-01  -3.5740485e-01
   3.4919860e-01  -7.3156226e-01
  -2.7304223e-02   2.5769045e+00
   4.8616487e-01   7.9158824e-01
   3.5573522e-01   3.2236814e-01
  -9.9176311e-01   3.2656343e-01
   6.5760503e-01   2.7262048e-01
   3.2021371e-01   4.5372715e-01
  -1.9504536e-01   4.1582186e-01
   1.4283883e+00   3.9951461e-01
